*id
6504
8775
9579
11517
11703
12596
13624
16689
17001
17002
17003
17004
17005
17006
17007
17008
17009
17012
17013
17014
17017
17018
17019
17020
17021
17023
17024
17025
17026
17027
17028
17031
17032
17034
17035
17036
17037
17038
17039
17040
17041
17042
17043
17044
17045
17046
17047
17048
17049
17050
17051
17052
17053
17054
17055
17056
17057
17058
17059
17060
17061
17062
17070
17071
17072
17073
17074
17076
17077
17078
17079
17080
17081
17082
17083
17084
17085
17086
17087
17088
17090
17091
17092
17096
17098
17099
17100
17102
17103
17104
17105
17106
17107
17108
17109
17110
17111
17112
17113
17114
17116
17117
17118
17120
17121
17122
17123
17124
17125
17126
17127
17128
17129
17130
17132
17133
17134
17135
17136
17138
17139
17140
17141
17142
17143
17144
17145
17147
17148
17149
17156
17157
17160
17162
17163
17164
17165
17166
17167
17168
17169
17171
17172
17173
17174
17175
17176
17177
17178
17179
17180
17181
17182
17183
17184
17185
17186
17187
17189
17190
17191
17192
17193
17194
17195
17196
17201
17202
17206
17207
17209
17210
17213
17215
17219
17220
17230
17231
17232
17233
17234
17235
17236
17237
17238
17239
17240
17241
17242
17243
17244
17245
17246
17247
17248
17249
17251
17252
17253
17254
17255
17256
17257
17258
17259
17260
17261
17262
17263
17264
17265
17266
17267
17268
17269
17270
17271
17272
17273
17276
17277
17278
17279
17284
17300
17301
17302
17303
17304
17305
17306
17307
17308
17309
17310
17321
17323
17324
17325
17326
17327
17330
17335
17339
17350
17351
17352
17353
17354
17355
17357
17358
17359
17360
17361
17362
17363
17364
17365
17366
17367
17368
17392
17393
17394
17401
17402
17403
17404
17405
17406
17408
17409
17413
17420
17421
17422
17423
17424
17425
17426
17427
17473
17497
17498
17499
17500
17501
17502
17503
17504
17505
17510
17511
17512
17513
17514
17515
17516
17517
17518
17519
17520
17521
17527
17581
17585
17587
17590
17591
17592
17593
17600
17601
17604
17605
17606
17607
17608
17609
17610
17611
17612
17613
17651
17652
17653
17654
17655
17701
17702
17703
17705
17710
17711
17751
17762
17764
17768
17769
17770
17771
17798
17799
17800
17801
17802
17803
17804
17805
17806
17807
17808
17809
17810
17811
17812
17813
17814
17830
17831
17834
17844
17859
17860
17861
17862
17863
17864
17865
17866
17867
17868
17869
17870
17877
17878
17879
17880
17881
17882
17883
17884
17886
17888
17889
17890
17891
17899
17900
17901
17902
17903
17904
17906
17908
17910
17912
17917
17918
17919
17921
17922
17923
17925
17927
17928
17929
17930
17931
17932
17933
17934
17935
17936
17937
17938
17939
17940
17941
17942
17943
17944
17945
17946
17947
17951
17953
17957
17958
17960
17961
17962
17963
17964
17965
17966
17968
17969
17970
17971
17972
17974
17975
17976
17977
17978
17979
17981
17984
17985
17986
17987
17989
17990
17991
17992
17993
17994
17995
17996
17997
17998
18975
32001
32002
32003
32004
32005
32006
32007
32008
32009
32042
32601
33233
33234
34017
34018
34019
34020
34029
34030
34031
34079
34092
35026
35027
35028
35029
35030
35031
35032
35033
35034
35044
35046
36189
36494
36495
36619
36675
36676
36677
36678
37540
37553
37570
37866
37968
37969
38595
38596
39379
40491
40623
40624
40625
40626
40627
40633
40634
40635
40636
40637
40639
40640
40641
40661
40662
40663
40664
40665
40666
40667
40672
40675
40692
40693
40694
40695
40696
40697
40698
40707
40708
40710
40736
40737
40738
40739
40740
40741
40742
40768
40769
40770
40771
40772
40773
40774
40797
40798
40799
40800
40801
40802
40803
40900
40901
40998
41172
41303
41330
41555
41631
41632
41633
41959
41964
41965
41966
41967
41968
41969
41970
41971
42728
42729
42756
42782
42820
42821
42851
42885
42886
42896
42941
42942
42943
42944
42945
42946
42947
42948
42949
42950
42951
42952
42953
42954
42955
42956
42957
42958
42959
42960
42961
42991
42992
42993
42994
42995
42996
42997
42998
43559
43588
43589
43590
43591
43592
43593
43594
43595
43981
43982
43983
43984
43985
43986
43994
43998
43999
45184
45185
45186
45187
45188
45189
45190
45191
45868
45869
45870
45871
45872
45873
45874
45875
45876
45877
45878
45879
45880
45923
46231
47196
47630
47632
47633
47634
47635
47636
47637
47638
47639
47640
47687
47688
47689
47690
47691
47692
47693
47694
47695
47721
47722
47723
47724
47725
47726
47727
47728
47729
47730
47731
47732
47733
47734
47735
47736
47798
47799
47800
47801
47802
47803
47804
47805
48002
48011
48014
48039
48041
48060
48073
48086
48093
48096
48966
48967
48982
48983
49166
50485
50486
50859
50860
50861
50862
50863
50864
50865
50866
50867
50927
50957
51172
51173
51174
51175
51377
51378
51379
51380
51693
51769
51770
51771
51772
51773
51774
51775
51776
51777
51974
52016
52024
52068
52073
52080
52081
52082
52083
52084
52112
52129
52130
52135
52141
52142
52150
52182
52183
52184
52185
52186
52187
52190
52223
52224
52225
52226
52227
52228
52229
52230
52231
52232
52297
52298
52299
52325
52326
52327
52339
52414
52424
52606
52631
52922
52960
52969
53509
53675
53678
53681
53684
53741
53742
53743
53744
53745
53746
53747
53748
53749
54249
54250
54251
54252
54253
54254
54255
54256
54257
54258
54259
54260
54262
54263
54264
54303
54442
54443
54444
54445
54446
54447
54448
54639
54726
54830
54831
54900
54910
54911
54935
54937
54940
54942
55095
55118
55163
55164
55290
55352
55375
55398
55422
55432
55433
55434
55435
55436
55437
55438
55439
55440
55441
55492
55575
55584
55667
55845
55856
55857
55860
55861
55864
55865
55866
55867
55868
55869
55891
55892
55893
55895
55897
55898
55899
55987
56016
56030
56049
56050
56065
56243
57226
57260
57261
57262
57465
57466
57467
57468
57469
57470
57471
57472
57473
57488
57521
57527
57528
57547
57697
57704
57710
57850
57853
57854
57855
57856
57857
57858
57859
57860
57861
57862
57881
57918
57920
59476
59485
60155
60175
60205
60224
60232
60248
60265
60273
60326
60331
60440
60441
60489
60959
60963
60964
60965
60978
60979
60980
60981
60982
60983
61026
61027
61028
61029
61030
61031
61032
61033
61034
61047
61092
61093
61094
61095
61096
61196
61197
61946
61947
61969
61970
61971
61972
61973
61974
61975
61976
61977
61978
62480
62528
62605
62640
62647
62656
62786
62802
62807
62812
62827
62847
62853
62855
62861
62876
62881
62884
62890
62991
62997
63156
63157
63158
63159
63160
63164
63799
63800
63801
63802
63803
63804
63805
63806
63807
63808
63809
63810
63811
63812
63814
63815
63816
63817
63819
63820
63821
63822
64020
64063
64064
64181
64182
64183
64184
64185
64186
64190
64341
64360
64409
64575
64576
64577
64587
64588
64589
64590
64591
64692
64693
64694
64695
64696
64697
64698
64699
64700
64723
64728
64729
64730
64731
64732
64733
64734
64735
64736
64814
64936
64940
64949
64986
66163
66377
66393
66435
66436
66437
66438
66439
66440
66441
66442
66443
66532
66550
66551
66552
66553
66554
66555
66556
66557
66558
66621
66622
66623
66624
66625
66626
66627
66628
66629
66630
66631
66632
66633
66634
66635
66655
66658
67002
67019
67042
67057
67079
67387
67418
67528
67539
67541
67547
67594
67633
67634
67635
67636
67637
67638
67639
67640
67641
67642
67643
67644
67659
67735
67872
67931
67945
68285
68450
68480
68488
68489
68511
68612
68678
69265
69310
69315
69323
69334
69340
69351
69902
69922
69924
69928
69936
69947
69959
69968
69972
69975
69986
69987
70162
70965
70992
70993
70994
72091
72246
72247
72248
72249
72250
72251
72252
72253
72254
72255
72256
72257
72258
72259
72260
72261
72502
76782
76783
76784
76785
76786
76787
76788
76789
76790
76791
76792
76793
76794
76795
76796
76797
76798
76799
76800
76801
76802
76803
76804
76805
76806
76807
76808
77318
77404
77405
77626
77630
77772
77774
77776
77778
79578
79589
79599
79620
79699
79700
79701
79702
79758
79760
79918
79919
81285
81503
81508
81587
81589
81591
81596
81803
81895
81911
82034
82433
84016
84050
84069
84095
84099
84157
84190
84192
84194
84207
84227
84272
84306
85016
85051
85076
85313
85314
85315
85316
85317
85318
85319
85320
85321
85322
85323
85324
85325
85326
85327
85328
85368
85550
85552
85562
85575
85650
85960
85985
85988
86078
86085
86094
86296
86695
87198
87307
87569
87570
87571
87572
87573
88016
88111
88153
88170
88171
88175
88189
88278
88328
88337
89945
89959
90303
92868
92869
92870
92871
92872
92873
92874
92875
92876
92877
92878
92879
92880
92881
92882
93450
93492
93861
94074
94281
94282
94283
94284
94285
94286
94287
94288
94289
94290
94291
94292
94293
94294
94295
94296
95199
95200
95201
95202
95203
95204
95205
95206
95207
95208
95209
95210
95211
95212
95213
95214
95215
95216
95217
95218
95219
95220
95221
95222
95223
95224
95225
95226
95227
95228
95229
95230
95231
95232
95233
95234
95235
95236
95237
95238
95239
95240
95241
95242
95243
95244
95245
95246
95247
95248
95249
95250
95251
95252
95253
95254
95255
95256
95257
95258
95259
95260
95261
95262
95263
95264
95265
95266
95267
95268
95269
95270
96960
96961
96962
96963
96964
96965
96966
96967
96968
96969
96970
96971
97423
97432
97440
97445
97452
97455
97460
97478
97483
97729
97897
97898
97899
97900
98307
99202
99875
99876
99877
99878
100076
100077
100078
100079
100080
100081
100110
100111
100112
100113
100114
100115
100116
100117
100118
100119
100120
100121
100122
101686
102459
102461
103056
103057
103058
103059
103060
103061
103062
103063
103064
103065
103066
103067
103068
103069
103070
103071
103072
103073
103074
103075
103076
103077
103078
108003
120127
120538
120539
120937
120938
121334
121335
124277
124278
124279
124280
124281
124282
124283
124284
124285
124286
124287
124288
124289
124290
124291
124292
124395
124396
124397
124398
124399
124400
124401
124402
124403
124404
124405
124406
124407
124408
124409
124410
124411
124412
124413
124414
124415
124416
124417
124418
124419
124420
124421
124422
124423
124424
124425
124426
124427
124428
124429
124430
124431
124432
124433
124434
124435
124436
124437
124438
124439
124440
124441
124442
124443
124444
124445
124446
124447
124448
124449
124450
124451
124452
124453
124454
124455
124456
124457
124458
124459
124460
124461
124462
124463
124464
124465
124466
124467
124468
124469
124470
124471
124472
124473
124474
124475
124476
124477
124478
124479
124480
124481
124482
124483
124484
124485
124486
124487
124488
124489
124490
124491
124492
124493
124494
124495
124496
124497
124498
124499
124500
124501
124502
124503
124504
124505
124506
124507
124508
124509
124510
124511
124512
124513
124515
124516
124517
124518
124519
124520
124521
124523
124524
124525
124526
124527
124528
124529
124530
124531
124532
124533
124534
124535
124536
124537
124539
124540
124541
124542
124543
124544
124545
124546
124547
124548
124549
124550
124551
124552
124553
124554
124555
124556
124557
124558
124559
124560
124561
124562
124563
124564
124565
124566
124567
124568
124569
124570
124571
124572
124573
124574
124575
124576
124577
124578
124579
124580
124581
124582
124583
124584
124585
124586
124587
124588
124589
124590
124591
124592
124593
124594
124596
124597
124598
124599
124600
124601
124602
124604
124605
124606
124607
124608
124609
124610
124611
124612
124613
124614
124615
124616
124617
124618
127053
127055
127057
127060
127062
127064
127065
127066
127068
127119
127120
127121
127122
127123
127124
127125
127126
127127
127128
127129
127130
127131
127132
127133
127134
127546
127549
127555
127696
128107
128108
128502
128503
129785
129786
129787
129788
129789
129871
129872
129873
129874
129875
129876
132785
132786
133135
133136
135641
135642
135643
135644
135645
135646
135647
135648
135649
135650
135651
135652
135653
135654
135655
135656
135657
135658
135659
135660
135661
135662
135663
135664
135665
135666
135667
135668
135669
135670
135671
135672
135673
135674
135675
135676
135677
135678
135679
135680
135681
135682
135683
135684
135685
135686
135687
135688
135689
135690
135691
135692
135693
135694
135695
135696
135697
135699
135700
135701
135702
135703
135705
135706
135707
135708
135709
135711
135712
135713
135714
135715
135717
135718
135719
135720
135721
135723
135724
135725
135726
135727
135729
135730
135731
135732
135733
135735
135736
135737
135738
135739
135741
135742
135743
135744
135745
135746
135747
135748
135749
135750
135751
135752
135753
135754
135755
135756
135757
135759
135760
135761
135762
135763
135764
135765
135766
135767
135768
135769
135770
135771
135772
135773
135774
135775
135776
135777
135778
135779
135780
135781
135782
135783
135784
135785
135786
135787
135789
135790
135791
135792
135793
135795
135796
135797
135798
135799
135800
135801
135802
135804
135805
135806
135807
135808
135809
135810
135811
135812
135813
135814
135815
135816
135817
135818
135819
135820
135821
135822
135823
135824
135825
135826
135827
135855
135856
135857
139829
139830
139831
139887
147414
147415
147603